10100001001100011010000100110001
01101110110011000110111011001100
00010001000100110001000100010011
10101010111010001010101011101000
10011011001110011001101100111001
01000100111001100100010011100110
10111001001110011011100100111001
01001010010001100100101001000110
00000001000000010000000100000001
11001110110011101100111011001110
00110011001110010011001100111001
10000100000011101000010000001110
00000011100100110000001110010011
11011100011011001101110001101100
00110101100101110011010110010111
11000010001000001100001000100000
10010010101000001001001010100000
01101101010011010110110101001101
10111011101110111011101110111011
00000000100001000000000010000100
00000001000000110000000100000011
11001110110111001100111011011100
01110011101110110111001110111011
10001000010000001000100001000000
10010011101010011001001110101001
01101100010001100110110001000110
00010111101110010001011110111001
10100000010001101010000001000110
10100010101010011010001010101001
01011110010001000101111001000100
00110011101110110011001110111011
01000000000000000100000000000000
